[]
[]
[]
[]
[]
[]
[]
[]
[]
[]
[]
[]
[]
[]
[]
[]
[]
[]
[]
[]
[]
[]
[]
[]
[]
[]
[]
[]
[]
[]
[]
[]
[]
[]
[]
[]
[]
[]
[]
[]
[]
[]
[]
[]
[]
[]
[]
[]
[]
[]
[]
[]
[]
[]
[]
[]
[]
[]
[]
[]
[]
[]
[]
[]
[]
[]
[]
[]
[]
[]
[]
[]
[]
[]
[]
[]
[]
[]
[]
[]
[]
[]
[]
[]
[]
[]
[]
[]
[]
[]
[]
[]
[]
[]
[]
[]
[]
[]
[]
[]
[]
[]
[]
[]
[]
[]
[]
[]
[]
[]
[]
[]
[]
[]
[]
[]
[]
[]
[]
[]
[]
[]
[]
[]
[]
[]
[]
[]
[]
[]
[]
[]
[]
[]
[]
[]
[]
[]
[]
[]
[]
[]
[]
[]
[]
[]
[]
[]
[]
[]
[]
[]
[]
[]
[]
[]
[]
[]
[]
[]
[]
[]
[]
[]
[]
[]
[]
[]
[]
[]
[]
[]
[]
[]
[]
[]
[]
[]
[]
[]
[]
[]
[]
[]
[]
[]
[]
[]
[]
[]
[]
[]
[]
[]
[]
[]
[0, 1, 3, 4, 6, 7, 9, 12, 13, 17, 18, 21, 23, 24, 26, 27, 29, 30]
[0, 3, 4, 6, 7, 9, 12, 13, 17, 18, 21, 23, 24, 26, 27, 29, 30]
[0, 3, 4, 7, 9, 12, 13, 17, 18, 21, 23, 24, 26, 27, 29, 30]
[0, 3, 4, 7, 9, 12, 13, 17, 18, 21, 23, 26, 27, 29, 30]
[0, 1, 3, 4, 6, 7, 9, 12, 13, 17, 18, 21, 23, 26, 27, 30]
[0, 1, 3, 4, 6, 9, 12, 13, 17, 18, 21, 23, 26, 27, 29, 30]
[1, 3, 4, 6, 9, 12, 13, 17, 18, 21, 23, 24, 26, 27, 29, 30]
[1, 3, 4, 6, 7, 9, 12, 13, 17, 18, 21, 23, 24, 26, 27, 29]
[0, 1, 3, 4, 6, 7, 9, 12, 13, 17, 18, 21, 23, 24, 26, 27, 29, 30]
[0, 3, 4, 6, 7, 9, 12, 13, 17, 18, 21, 23, 24, 26, 27, 29, 30]
[0, 3, 4, 7, 9, 12, 13, 17, 18, 21, 23, 24, 26, 27, 29, 30]
[0, 3, 4, 7, 9, 12, 13, 17, 18, 21, 23, 24, 26, 27, 30]
[0, 1, 3, 4, 6, 7, 9, 12, 13, 17, 18, 21, 23, 24, 26, 27, 29, 30]
[0, 3, 4, 6, 7, 9, 12, 13, 17, 18, 21, 23, 24, 26, 27, 29, 30]
[0, 3, 4, 6, 7, 9, 12, 13, 17, 18, 21, 23, 24, 26, 27, 30]
[0, 3, 4, 6, 7, 9, 12, 13, 17, 18, 21, 23, 26, 27, 30]
[0, 1, 2, 3, 4, 5, 6, 7, 8, 9, 12, 13, 17, 18, 21, 22, 23, 24, 25, 26, 27, 28, 29, 30]
[0, 1, 2, 3, 4, 5, 7, 8, 9, 12, 13, 17, 18, 21, 22, 23, 24, 25, 26, 27, 28, 29, 30]
[0, 1, 2, 3, 4, 5, 7, 8, 9, 12, 13, 17, 18, 21, 22, 23, 25, 26, 27, 28, 29, 30]
[0, 1, 2, 3, 4, 5, 7, 8, 9, 12, 13, 17, 18, 21, 22, 23, 25, 26, 27, 28, 30]
[0, 2, 3, 4, 5, 6, 7, 8, 9, 12, 13, 17, 18, 21, 22, 23, 24, 25, 26, 27, 28, 30]
[0, 2, 3, 4, 6, 7, 8, 9, 12, 13, 17, 18, 21, 22, 23, 24, 25, 26, 27, 28, 29, 30]
[0, 1, 2, 3, 4, 6, 7, 8, 9, 12, 13, 17, 18, 21, 22, 23, 24, 26, 27, 28, 29, 30]
[0, 1, 2, 3, 4, 6, 7, 8, 9, 12, 13, 17, 18, 21, 22, 23, 24, 26, 27, 29, 30]
[0, 1, 3, 4, 6, 7, 8, 9, 12, 13, 17, 18, 21, 22, 23, 24, 26, 27, 29, 30]
[0, 1, 3, 4, 6, 8, 9, 12, 13, 17, 18, 21, 22, 23, 24, 26, 27, 29, 30]
[0, 1, 3, 4, 6, 8, 9, 12, 13, 17, 18, 21, 22, 24, 26, 27, 29, 30]
[1, 3, 4, 6, 8, 9, 12, 13, 17, 18, 21, 22, 24, 26, 27, 29, 30]
[1, 3, 4, 6, 7, 8, 9, 12, 13, 17, 18, 21, 22, 23, 24, 26, 27, 29]
[1, 3, 4, 7, 8, 9, 12, 13, 17, 18, 21, 22, 23, 24, 26, 27, 29]
[0, 1, 3, 4, 6, 7, 8, 9, 12, 13, 17, 18, 21, 22, 23, 26, 27, 29, 30]
[0, 1, 3, 4, 6, 8, 9, 12, 13, 17, 18, 21, 22, 23, 26, 27, 29, 30]
[0, 3, 4, 6, 8, 9, 12, 13, 17, 18, 21, 22, 23, 24, 26, 27, 29, 30]
[0, 3, 4, 6, 8, 9, 12, 13, 17, 18, 21, 22, 23, 24, 26, 27, 30]
[0, 1, 3, 4, 6, 7, 8, 9, 12, 13, 17, 18, 21, 22, 23, 24, 26, 27, 29, 30]
[1, 3, 4, 6, 7, 8, 9, 12, 13, 17, 18, 21, 22, 23, 24, 26, 27, 29, 30]
[0, 1, 3, 4, 6, 7, 8, 9, 12, 13, 17, 18, 21, 22, 23, 24, 26, 27, 29, 30]
[0, 1, 3, 4, 6, 8, 9, 12, 13, 17, 18, 21, 22, 23, 24, 26, 27, 29, 30]
[0, 1, 3, 4, 6, 8, 9, 12, 13, 17, 18, 21, 22, 24, 26, 27, 29, 30]
[1, 3, 4, 6, 8, 9, 12, 13, 17, 18, 21, 22, 24, 26, 27, 29, 30]
[0, 1, 3, 4, 6, 7, 8, 9, 12, 13, 17, 18, 21, 22, 23, 24, 26, 27, 29, 30]
[0, 1, 3, 4, 6, 7, 8, 9, 12, 13, 17, 21, 22, 23, 24, 26, 27, 29, 30]
[0, 1, 3, 4, 6, 7, 8, 12, 13, 17, 18, 21, 22, 23, 24, 26, 27, 29, 30]
[0, 1, 3, 4, 6, 7, 8, 12, 13, 17, 18, 22, 23, 24, 26, 27, 29, 30]
[0, 1, 3, 4, 6, 7, 8, 9, 12, 13, 17, 18, 21, 22, 23, 24, 26, 27, 29, 30]
[0, 1, 3, 4, 6, 7, 9, 12, 13, 17, 18, 21, 22, 23, 24, 26, 27, 29, 30]
[0, 3, 4, 6, 7, 9, 12, 13, 17, 18, 21, 22, 23, 24, 26, 27, 29, 30]
[0, 2, 3, 4, 5, 6, 7, 9, 10, 11, 12, 13, 17, 18, 19, 20, 21, 22, 24, 25, 26, 27, 28, 29, 30]
[2, 3, 4, 5, 6, 7, 9, 10, 11, 12, 13, 17, 18, 19, 20, 21, 22, 24, 25, 26, 27, 28, 29, 30]
[0, 3, 4, 5, 6, 7, 9, 10, 12, 13, 17, 18, 19, 21, 22, 23, 24, 26, 27, 28, 29, 30]
[0, 1, 3, 4, 5, 6, 7, 9, 10, 12, 13, 17, 18, 19, 21, 22, 23, 24, 26, 27, 28, 29, 30]
[0, 3, 4, 5, 6, 7, 9, 10, 12, 13, 17, 18, 19, 21, 22, 23, 24, 26, 27, 28, 29, 30]
[0, 3, 4, 6, 7, 9, 12, 13, 17, 18, 21, 22, 23, 24, 26, 27, 29, 30]
[0, 2, 3, 4, 6, 7, 9, 10, 12, 13, 17, 18, 19, 20, 21, 23, 24, 25, 26, 27, 28, 29, 30]
[0, 1, 2, 3, 4, 7, 9, 10, 12, 13, 17, 18, 19, 20, 21, 23, 24, 25, 26, 27, 28, 29, 30]
[0, 1, 3, 4, 7, 9, 10, 12, 13, 14, 17, 18, 19, 21, 23, 24, 26, 27, 28, 29, 30]
[0, 1, 3, 4, 6, 7, 9, 10, 12, 13, 17, 18, 19, 21, 23, 24, 26, 27, 28, 29, 30]
[0, 1, 3, 4, 5, 7, 9, 10, 12, 13, 17, 18, 19, 21, 23, 24, 26, 27, 28, 29, 30]
[0, 3, 4, 5, 7, 9, 10, 12, 13, 17, 18, 19, 21, 23, 24, 26, 27, 28, 29, 30]
[0, 3, 4, 5, 7, 9, 10, 12, 13, 17, 18, 19, 21, 23, 26, 27, 28, 29, 30]
[0, 1, 3, 4, 5, 6, 7, 9, 10, 12, 13, 17, 18, 19, 21, 23, 24, 26, 27, 28, 29, 30]
[0, 1, 3, 4, 6, 7, 9, 12, 13, 17, 18, 21, 23, 24, 26, 27, 29, 30]
[0, 1, 3, 4, 7, 8, 9, 12, 13, 17, 18, 21, 23, 24, 26, 27, 29, 30]
[0, 3, 4, 7, 8, 9, 12, 13, 16, 17, 18, 21, 23, 24, 26, 27, 29, 30]
[0, 3, 4, 7, 9, 12, 13, 16, 17, 18, 21, 23, 24, 26, 27, 29, 30]
[0, 3, 4, 7, 9, 12, 13, 17, 18, 21, 23, 24, 26, 27, 29, 30]
[2, 3, 4, 7, 9, 10, 11, 12, 13, 17, 18, 19, 20, 21, 23, 24, 25, 26, 27, 28, 29, 30]
[0, 1, 2, 3, 4, 6, 7, 9, 10, 11, 12, 13, 17, 18, 19, 20, 21, 23, 24, 25, 26, 27, 28, 29, 30]
[0, 1, 2, 3, 4, 7, 9, 10, 11, 12, 13, 17, 18, 19, 20, 21, 22, 23, 24, 25, 26, 27, 28, 29, 30]
[0, 1, 3, 4, 6, 7, 9, 10, 12, 13, 17, 18, 19, 21, 22, 23, 24, 26, 27, 28, 29, 30]
[0, 1, 3, 4, 7, 9, 10, 12, 13, 17, 18, 19, 21, 22, 23, 24, 26, 27, 28, 29, 30]
[0, 3, 4, 7, 9, 10, 12, 13, 17, 18, 19, 21, 22, 23, 24, 26, 27, 28, 29, 30]
[0, 3, 4, 7, 9, 10, 12, 13, 17, 18, 19, 21, 23, 24, 26, 27, 28, 29, 30]
[0, 2, 3, 4, 5, 7, 9, 10, 11, 12, 13, 17, 18, 19, 20, 21, 23, 26, 27, 28, 29, 30]
[0, 1, 2, 3, 4, 5, 6, 7, 9, 10, 11, 12, 13, 14, 17, 18, 19, 20, 21, 23, 25, 26, 27, 28, 29]
[0, 2, 3, 4, 5, 6, 7, 8, 9, 10, 11, 12, 13, 14, 17, 18, 19, 20, 21, 23, 24, 25, 26, 27, 28, 29, 30]
[0, 3, 4, 5, 6, 7, 8, 9, 10, 12, 13, 14, 17, 18, 19, 21, 23, 24, 26, 27, 28, 29, 30]
[0, 1, 3, 4, 5, 6, 7, 8, 9, 10, 12, 13, 14, 17, 18, 19, 21, 23, 24, 26, 27, 29, 30]
[0, 1, 3, 4, 5, 6, 7, 8, 9, 10, 12, 13, 14, 17, 18, 19, 21, 23, 24, 26, 27, 30]
[0, 1, 3, 4, 5, 7, 8, 9, 10, 12, 13, 14, 17, 18, 19, 21, 23, 24, 26, 27, 30]
[0, 1, 3, 4, 5, 7, 8, 9, 10, 12, 13, 14, 17, 18, 19, 21, 23, 24, 26, 27]
[0, 1, 3, 4, 5, 8, 9, 10, 12, 13, 14, 17, 18, 19, 21, 23, 24, 26, 27, 29]
[0, 1, 3, 4, 5, 6, 7, 8, 9, 10, 12, 13, 14, 17, 18, 19, 21, 23, 24, 26, 27, 28, 29, 30]
[0, 1, 3, 4, 6, 7, 8, 9, 12, 13, 14, 16, 17, 18, 21, 22, 23, 24, 26, 27, 29, 30]
[0, 1, 3, 4, 6, 7, 8, 9, 12, 13, 14, 16, 17, 18, 21, 22, 23, 24, 26, 27, 29, 30]
[0, 1, 3, 4, 6, 7, 8, 9, 12, 13, 14, 16, 17, 18, 21, 23, 24, 26, 27, 29, 30]
[0, 1, 3, 4, 6, 7, 8, 9, 12, 13, 14, 16, 17, 18, 21, 23, 26, 27, 29, 30]
[0, 1, 3, 4, 6, 8, 9, 12, 13, 14, 16, 17, 18, 21, 23, 26, 27, 29, 30]
[0, 1, 2, 3, 4, 6, 8, 9, 10, 11, 12, 13, 17, 18, 19, 20, 21, 23, 24, 26, 27, 28, 29, 30]
[0, 1, 2, 3, 4, 6, 7, 8, 9, 10, 11, 12, 13, 16, 17, 18, 19, 20, 21, 23, 26, 27, 28, 29, 30]
[0, 1, 2, 3, 4, 6, 7, 8, 9, 10, 11, 12, 13, 17, 18, 19, 20, 21, 23, 26, 27, 28, 29, 30]
[0, 1, 2, 3, 4, 5, 6, 7, 8, 9, 10, 11, 12, 13, 17, 18, 19, 20, 21, 23, 26, 27, 28, 29, 30]
[0, 1, 2, 3, 4, 5, 7, 8, 9, 10, 11, 12, 13, 17, 18, 19, 20, 21, 23, 26, 27, 28, 29, 30]
[1, 2, 3, 4, 5, 7, 8, 9, 10, 11, 12, 13, 17, 18, 19, 20, 21, 23, 24, 26, 27, 28, 29, 30]
[1, 2, 3, 4, 5, 7, 8, 9, 10, 11, 12, 13, 17, 18, 19, 20, 21, 24, 26, 27, 28, 29, 30]
[1, 2, 3, 4, 5, 7, 9, 10, 11, 12, 13, 17, 18, 19, 20, 21, 23, 24, 25, 26, 27, 28, 29, 30]
[0, 1, 2, 3, 4, 5, 7, 9, 10, 11, 12, 13, 17, 18, 19, 20, 21, 23, 24, 26, 27, 28, 29, 30]
[0, 1, 2, 3, 4, 5, 6, 7, 9, 10, 11, 12, 13, 17, 18, 19, 20, 21, 22, 23, 24, 26, 27, 28, 29, 30]
[0, 1, 2, 3, 4, 5, 7, 9, 10, 11, 12, 13, 17, 18, 19, 20, 21, 22, 23, 24, 26, 27, 28, 29, 30]
[0, 1, 2, 3, 4, 5, 7, 9, 10, 11, 12, 13, 17, 18, 19, 20, 21, 22, 23, 26, 27, 28, 29, 30]
[0, 1, 2, 3, 4, 5, 8, 9, 10, 11, 12, 13, 16, 17, 18, 19, 20, 21, 22, 23, 26, 27, 28, 29, 30]
